WSF
    0.1100    0.0000
    0.1500    0.0000
    0.2000    0.0000
    0.2500    0.0000
    0.3000    0.0001
    0.3500    0.0004
    0.4000    0.0012
    0.4500    0.0031
    0.5000    0.0071
    0.5500    0.0146
    0.6000    0.0279
    0.6500    0.0499
    0.7000    0.0849
    0.7500    0.1383
    0.8000    0.2171
    0.8500    0.3304
    0.9000    0.4891
    0.9500    0.7069
    1.0000    1.0000 /

    0.1100    0.0000
    0.1500    0.0000
    0.2000    0.0000
    0.2500    0.0000
    0.3000    0.0001
    0.3500    0.0004
    0.4000    0.0012
    0.4500    0.0031
    0.5000    0.0071
    0.5500    0.0146
    0.6000    0.0279
    0.6500    0.0499
    0.7000    0.0849
    0.7500    0.1383
    0.8000    0.2171
    0.8500    0.3304
    0.9000    0.4891
    0.9500    0.7069
    1.0000    1.0000 /


GSF

         0         0    0.0
    0.0500    0.0008    0.0
    0.1000    0.0054    0.0
    0.1500    0.0163    0.0
    0.2000    0.0345    0.0
    0.2500    0.0605    0.0
    0.3000    0.0941    0.0
    0.3500    0.1348    0.0
    0.4000    0.1822    0.0
    0.4500    0.2357    0.0
    0.5000    0.2950    0.0
    0.5500    0.3598    0.0
    0.6000    0.4302    0.0
    0.6500    0.5060    0.0
    0.7000    0.5874    0.0
    0.7500    0.6746    0.0
    0.8000    0.7676    0.0
    0.8500    0.8665    0.0
    0.8900    0.9500    0.0 /

         0         0    0.0
    0.0500         0    0.0
    0.1000         0    0.0
    0.2000         0    0.0
    0.2800         0    0.0
    0.3000    0.0050    0.0
    0.3500    0.0340    0.0
    0.4000    0.0800    0.0
    0.4500    0.1380    0.0
    0.5000    0.2050    0.0
    0.5500    0.2810    0.0
    0.6000    0.3630    0.0
    0.6500    0.4500    0.0
    0.7000    0.5440    0.0
    0.7500    0.6420    0.0
    0.8000    0.7470    0.0
    0.8500    0.8570    0.0
    0.8900    0.9500    0.0 /